183
6458
6747
8280
8501
8633
9695
9710
9719
9740
12261
12676
13947
15173
17316
19242
20598
21048
21073
21126
21278
21465
23153
23558
24696
25410
28656
29381
30011
30761
31339
35364
36220
36794
38343
38398
39124
39824
40216
41475
43485
44388
45380
45880
45928
46070
47038
47314
48891
48894
48899
50018
50042
50063
53780
53854
53906
54689
56688
59980
64540
65445
70214
73204
73819
75927
76576
78924
79986
80327
81367
82938
85976
88266
88576
89442
91816
93788
97196
97233
97237
97240
98330
99063
102392
104726
104874
106565
107888
109036
115679
115714
115803
116401
120886
120904
122419
123509
124186
126104
127728
128041
129090
130161
130374
131579
131652
131947
133065
133255
133746
133751
133943
136112
137464
138309
138809
139397
140434
140629
142808
144451
145343
146791
149297
150416
151699
151791
156046
156571
158054
159127
159581
159595
160790
164167
164452
165649
169119
170752
171247
171638
173020
174058
174242
175145
175152
177528
180757
180989
182984
183106
183151
183297
184204
184759
185441
191291
194327
199779
200698
202613
204595
204920
206270
207570
208648
211083
213318
213895
222013
222096
222757
225193
225478
225512
227714
227926
229098
229648
230446
230538
232343
232922
233384
234843
234872
235967
236952
238456
238903
240388
242234
242407
243375
243700
244187
245529
245675
246088
249352
249356
250446
251513
251964
252605
252629
254589
255251
255705
256388
260101
261091
262523
264355
266650
267423
267444
267897
269536
270590
271057
271951
272697
275649
277972
281845
283609
284556
284598
284856
285569
286898
287660
287956
288116
290082
290449
291561
292163
293765
296537
297322
301107
302190
303225
304991
305414
306152
307183
307619
308594
309864
312834
312837
315217
317980
318333
319274
319851
320236
320590
320615
321831
321849
323448
324452
330388
330718
335004
335434
336607
336904
336967
337089
338566
340114
340233
342788
343325
344122
344339
344603
345247
346323
346564
346855
349292
350803
351406
354871
357695
360498
361843
366830
367180
376487
377098
377924
379424
380874
383273
385203
385239
386605
387387
390048
391708
393705
394551
399068
401662
404265
404810
404855
405517
405662
406414
407734
410428
413059
414497
415890
418049
418757
418966
418970
418994
419042
419059
419066
419072
419108
419111
419117
419123
419132
419144
419147
419150
419158
419168
419182
419212
419220
419225
419228
419249
419255
419258
419261
419306
419309
419315
419318
419324
419333
419336
419345
419351
419357
419363
419381
419384
419393
419416
419419
419422
419428
419440
419455
419461
419464
419467
419470
419473
419479
419485
419509
419540
419545
419578
419581
419587
419596
419605
419613
419617
419620
419629
419646
419653
419656
419665
419687
419702
419710
420724
421343
421717
421974
427284
427334
427377
428052
429058
429438
429447
431541
435433
437484
440694
444280
445259
449965
453378
453395
453541
456144
456253
458484
459138
459551
461518
461686
462093
462910
463364
463415
464304
465821
470660
472724
475206
475209
475352
475987
478232
479024
480230
482232
485811
487105
490923
490934
491868
495122
495595
498667
499218
500583
501002
504021
504564
505653
509713
510382
515753
516015
517923
518057
519758
520124
520904
523042
525193
529286
530115
530330
531087
534169
535054
535943
536169
536278
537966
538281
538342
538515
544003
544668
545019
547144
548036
548106
550970
551010
551792
553007
553753
553759
554604
556406
557629
558844
559419
563665
567225
567228
569836
573307
574395
576388
578890
578905
579178
580121
581409
581532
582953
584589
586243
587189
587195
587524
588244
588416
589586
589806
590249
590306
591216
591433
591450
591570
594182
595072
595851
597854
599064
599555
599705
599735
605676
606070
606138
607797
607820
610342
610889
610900
611056
613376
614884
615371
615470
616981
619008
619262
622571
624149
624823
624861
627136
627301
627756
628084
631028
632251
632522
635278
635519
636709
638774
640637
640815
641592
642512
643441
647783
648125
648156
649438
649926
652308
655598
656802
656882
657168
657856
657958
658294
658366
659032
659660
669533
674977
675179
676343
678241
679440
681029
682298
683781
684086
686208
686981
689375
691734
691746
693228
693829
694578
696678
698655
700006
701550
701561
701800
702675
704833
705778
705897
707290
710019
710750
716365
718104
719539
722129
723732
723937
724841
724845
724914
725470
725580
726093
728043
728203
729470
730927
732289
732361
732695
733738
733855
734020
734441
736717
736835
736871
737198
738283
738286
743699
744521
746082
746185
746228
746498
747250
747281
749009
749702
750859
750948
751276
751592
752289
754218
757569
757679
757729
757853
758325
759506
763166
767515
768105
769105
769426
770430
770775
771405
771487
773280
774332
774705
776189
776567
777641
777680
777795
778901
784120
786528
787193
787981
788281
788635
790098
790767
793199
793396
796835
797035
798599
799197
799302
800220
804054
804690
804736
806570
806846
807369
808420
811101
811696
816584
817671
818533
819053
819293
819314
821219
821228
821399
822333
823964
826578
826816
826966
827077
828073
829123
831521
832776
833725
833874
837778
837973
842089
844599
844750
845988
847798
847872
848000
849613
849727
851182
852636
852647
852664
852717
853979
854274
854758
855246
856950
858563
858745
858789
859697
859749
860744
863332
865699
865897
867048
867827
868131
868682
869472
869922
870162
870585
873491
874557
874786
875101
875424
876216
876502
878637
879175
879505
880580
882555
882650
885035
885159
887597
890570
892696
892757
894639
898701
899653
900105
900541
901655
903066
903334
904133
905905
906629
907785
908860
909125
909473
909537
912256
913437
914655
915508
915550
916121
916469
916718
916867
918044
918371
918511
919537
920349
922332
922779
924946
925531
926238
926374
928252
928351
931183
931610
933808
935151
935858
937030
937445
938262
938640
938803
941227
941548
942734
943016
944171
944186
944258
944266
944280
944296
944656
944696
945548
945554
945950
949453
949621
949909
951790
955132
956606
957229
958961
961188
961884
962287
962929
963420
964205
964230
964645
965446
965619
967264
968406
968413
968419
968422
968840
968940
972419
973017
973917
974546
974940
974959
974978
974992
976341
976999
977213
979568
979814
979826
979973
980367
980511
981968
984823
987921
988103
988409
990663
990714
991085
992709
993763
994234
995225
999748
999883
999914
1000324
1000542
1002396
1004412
1004500
1007560
1010408
1010476
1011445
1011663
1011670
1012242
1012798
1014114
1016603
1017023
1017062
1017600
1019790
1020753
1021696
1023123
1023270
1024253
1025910
1026149
1026768
1030785
1031770
1031955
1032021
1032063
1033441
1033791
1034212
1036646
1037209
1037572
1038610
1038981
1041578
1043526
1044497
1044503
1044781
1045955
1047354
1048952
1049397
1049438
1051092
1056804
1057516
1058579
1061004
1061089
1061276
1061678
1061778
1062460
1064780
1065340
1066519
1068566
1069090
1069736
1069753
1069888
1071785
1073448
1074404
1074935
1075719
1076604
1077644
1077801
1080323
1081762
1083044
1084474
1084478
1084486
1084507
1086345
1090630
1092147
1093866
1094819
1099942
1102363
1105587
1105760
1106145
1106431
1107114
1107172
1109760
1111554
1112519
1113363
1113715
1114557
1115229
1122880
1123386
1126254
1126652
1126668
1126987
1127072
1127146
1127639
1128801
1131930
1134320
1134599
1135966
1137389
1137978
1139611
1139734
1141214
1141547
1143372
1144275
1144919
1145846
1150265
1151958
1152946
1153081
1154247
1154275
1154696
1155049
1155617
1156430
1158628
1161196
1162523
1163691
1164130
1164810
1165866
1166869
1166883
1168286
1168360
1169225
1169261
1171406
1171720
1171782
1171867
1173811
1174155
1176907
1179644
1180014
1180028
1180036
1183948
1183963
1183981
1183996
1183999
1185084
1185146
1185199
1185330
1185363
1185369
1185379
1185396
1185402
1185416
1185435
1185440
1185447
1185450
1185453
1185456
1185465
1185480
1185483
1185486
1185507
1185516
1185519
1185542
1185566
1185582
1185590
1185600
1185606
1185618
1185627
1185702
1185738
1185762
1185801
1185807
1185857
1185909
1185930
1185933
1185936
1185945
1185975
1185978
1185981
1185987
1185990
1186002
1186005
1186008
1186014
1186017
1186020
1186032
1186040
1186047
1186050
1186065
1186068
1186071
1186080
1186086
1186089
1186095
1186098
1186101
1194900
1194903
1194906
1194921
1194924
1194939
1194945
1194954
1194975
1194987
1194993
1194996
1194999
1195011
1195014
1195023
1195065
1195077
1195080
1195083
1195089
1195095
1195098
1195101
1195113
1195116
1195119
1195122
1195128
1195131
1195134
1195137
1195140
1195146
1195227
1195290
1195293
1204367
1204372
1204392
1204401
1204405
1204419
1204425
1204428
1204431
1204434
1204440
1204449
1204473
1204509
1204521
1204524
1204563
1204569
1204581
1204584
1204592
1204596
1204606
1204614
1204632
1204636
1204686
1204739
1204773
1204784
1204817
1204874
1204898
1204904
1204922
1205003
1205027
1205064
1205101
1205141
1205166
1205193
1205216
1205225
1205267
1205275
1205350
1205353
1205401
1205470
1205481
1205542
1205582
1205636
1205639
1205669
1205675
1205688
1205693
1205752
1205784
1205807
1205815
1205827
1205835
1205878
1206005
1206019
1206022
1206040
1206094
1206112
1206127
1206184
1206205
1206310
1206313
1206352
1206366
1206394
1206426
1206527
1206538
1206555
1206566
1206576
1206579
1206599
1206625
1206709
1206720
1206756
1206759
1206766
1206780
1206789
1206792
1206795
1206799
1206807
1206816
1206867
1206879
1206885
1206888
1206906
1206930
1206946
1206960
1206963
1206973
1214557
1214560
1214590
1214652
1214658
1214661
1214679
1214688
1214697
1214706
1214715
1214718
1214721
1214724
1214742
1214745
1214754
1214760
1214772
1214775
1214790
1214811
1214817
1214820
1214823
1214835
1214883
1214886
1217893
1217896
1217911
1217914
1217920
1217923
1217926
1217935
1217944
1217948
1217956
1217962
1217965
1217971
1217989
1217995
1218004
1218007
1218016
1218019
1218022
1218028
1218031
1218034
1218037
1218043
1218065
1218068
1223204
1223221
1223260
1223275
1223293
1223299
1223308
1223311
1223320
1223323
1223326
1223341
1223344
1223365
1223389
1223446
1223473
1223485
1223509
1223545
1223549
1223566
1224832
1224835
1224847
1224859
1224874
1224895
1225105
1229490
1229497
1229509
1229512
1229515
1229518
1229527
1229530
1229536
1229539
1229551
1229554
1229557
1229569
1229572
1229575
1229578
1229584
1229593
1229605
1229608
1229611
1229614
1229617
1229620
1229623
1229626
1229644
1229647
1229650
1229653
1229659
1229662
1229676
1229686
1229707
1229728
1229731
1229737
1229740
1229746
1229760
1229764
1229767
1229778
1229806
1229809
1229812
1229815
1229818
1229829
1229839
1229842
1229845
1229848
1229854
1229882
1229899
1229903
1229908
1229923
1229938
1229959
1229971
1229989
1229992
1229995
1230001
1230007
1230010
1230013
1230016
1230019
1230034
1230064
1230079
1230082
1230091
1230097
1230178
1230181
1230193
1230196
1230199
1230202
1230205
1230220
1230226
1230235
1230238
1230247
1230262
1230283
1230292
1230304
1230316
1230325
1230328
1230340
1230343
1230349
1230358
1231883
1231895
1231934
1231937
1231940
1231946
1231955
1231961
1231997
1232000
1232012
1232018
1232051
1232072
1232093
1232099
1232102
1232105
1232117
1232129
1232132
1232135
1232138
1232141
1232183
1232192
1232198
1232207
1232222
1232225
1232243
1232246
1232252
1232282
1232295
1232299
1232303
1232312
1233170
1233173
1233182
1233185
1233188
1233194
1233209
1233212
1233221
1233224
1233233
1233236
1233239
1233242
1233248
1233278
1233287
1233290
1233293
1233296
1233332
1233344
1233347
1233350
1233353
1233365
1233375
1233389
1233398
1233401
1233413
1233419
1233425
1233428
1233431
1233434
1233437
1233440
1233443
1233449
1233455
1233461
1233464
1233467
1233470
1233473
1233479
1233483
1233488
1233504
1233507
1233510
1233528
1233540
1233543
1233546
1233552
1233555
1233564
1233568
1233578
1233588
1233591
1233600
1233612
1233615
1233621
1233624
1233627
1233633
1233636
1233639
1233642
1233648
1233654
1233657
1233660
1233663
1233669
1233687
1233702
1233708
1233711
1233714
1233726
1233729
1233735
1233741
1233759
1233762
1233768
1233774
1233792
1233801
1233813
1233816
1233819
1233831
1233834
1233837
1233852
1233855
1233858
1233861
1233888
1233891
1233894
1233900
1233918
1233939
1233945
1233951
1233966
1233975
1233978
1233984
1233987
1233990
1233993
1234014
1234035
1234050
1234053
1234062
1234083
1234089
1234092
1234095
1234098
1234113
1234152
1234182
1234185
1234188
1234200
1234203
1234215
1234224
1234233
1234236
1234243
1234246
1234251
1234255
1234260
1234278
1234290
1234308
1234311
1234314
1234323
1234344
1234350
1234362
1234365
1234377
1234380
1234386
1234392
1234407
1234431
1234434
1234437
1234446
1234450
1234458
1234467
1234470
1234479
1234500
1234509
1234512
1234524
1234527
1234533
1234542
1234557
1234560
1234569
1234572
1234575
1234578
1234581
1234590
1234617
1234620
1234623
1234626
1234632
1234635
1234638
1234647
1234650
1234659
1234662
1234668
1234671
1234686
1234701
1242655
1242759
1245791
1247371
1249003
1249514
1249711
1250535
1250656
1250902
1250989
1250998
1251852
1251996
1252814
1252878
1254817
1255828
1256207
1257385
1257915
1259524
1260025
1260111
1262146
1264479
1265623
1265722
1269302
1270846
1278481
1278561
1278564
1278637
1278640
1279404
1279831
1282257
1283976
1285421
1286331
1286343
1286684
1288156
1288278
1290264
1291355
1291483
1292156
1292562
1293563
1294018
1295136
1295188
1297794
1300950
1301156
1301702
1304668
1305118
1309140
1310559
1311110
1313720
1317870
1318950
1323228
1323355
1325565
1327257
1328297
1328622
1329239
1329626
1330848
1330916
1331973
1332163
1336674
1341459
1343289
1343507
1344593
1345528
1346695
1347332
1347396
1348489
1350137
1354616
1356778
1356893
1357642
1358945
1361028
1361271
1361509
1362075
1362269
1362570
1362794
1362953
1363048
1363154
1363986
1366237
1367409
1369855
1370293
1372814
1373363
1373368
1373529
1375898
1376310
1376970
1377362
1377435
1380402
1382910
1385399
1385783
1386750
1387934
1394975
1397308
1397893
1400374
1401474
1401915
1402066
1404993
1405329
1405673
1406485
1407519
1407697
1407798
1407804
1408269
1408923
1408926
1409962
1412752
1414544
1415481
1416091
1417807
1422871
1424012
1424434
1424927
1425801
1428841
1431933
1432419
1433670
1435608
1435832
1440019
1440317
1441262
1443505
1443598
1444260
1444386
1444729
1444735
1444745
1444749
1444756
1444772
1445561
1445840
1448272
1448445
1449423
1449710
1450702
1451263
1451617
1451991
1452813
1453538
1454306
1458643
1459192
1460657
1461126
1461647
1461699
1461754
1462191
1462784
1465249
1470100
1470188
1473630
1474351
1474601
1475985
1477414
1481072
1482748
1484035
1484767
1485675
1486268
1486462
1486715
1486749
1486879
1488575
1489961
1490830
1491291
1491412
1493909
1495883
1497043
1497444
1500082
1502258
1502854
1503373
1504846
1506439
1507200
1508163
1509048
1510047
1510396
1510621
1510846
1511548
1511594
1513673
1515141
1516833
1519740
1520885
1523027
1523333
1523700
1524643
1526125
1528092
1530150
1530373
1531579
1532759
1534041
1535635
1535726
1536336
1537273
1538511
1539491
1540929
1541198
1541309
1542145
1542789
1546291
1547396
1548412
1548914
1549030
1549333
1552121
1553538
1555531
1556661
1558837
1560007
1560971
1561814
1564466
1564576
1571932
1571935
1571964
1571989
1573689
1573692
1575604
1575943
1578335
1579355
1579774
1580210
1582448
1583323
1583437
1584677
1585353
1586902
1588712
1589081
1590282
1590829
1591116
1592439
1592922
1593604
1594910
1597583
1599780
1599924
1600621
1600939
1601727
1603231
1603370
1604312
1605616
1605842
1605848
1605856
1606079
1606735
1606942
1607379
1607460
1607631
1608144
1609133
1609562
1611453
1612160
1614046
1614140
1614185
1614301
1614410
1614880
1616292
1616356
1616431
1617014
1617398
1618018
1618624
1618803
1618907
1619611
1620457
1620649
1624780
1624803
1624814
1624820
1624842
1627448
1627802
1628190
1628244
1629079
1629896
1630707
1631399
1631542
1633552
1633555
1633869
1634913
1637660
1637665
1637700
1638633
1638999
1640167
1642405
1642408
1643719
1644043
1644928
1649555
1650430
1650721
1651547
1653481
1654618
1654656
1656388
1656790
1657107
1657345
1659910
1663499
1664706
1664788
1665486
1665770
1665951
1666392
1667505
1667594
1667884
1668772
1671280
1672637
1672983
1673134
1673137
1674443
1675166
1675192
1675215
1675228
1675241
1675709
1677565
1680380
1680416
1681687
1685577
1686383
1687312
1688358
1689825
1690107
1691471
1691582
1691657
1692175
1692310
1693210
1696069
1696615
1697501
1699916
1700753
1700830
1703979
1705213
1705327
1706030
1706161
1706241
1707150
1708494
1709960
1710208
1710934
1711546
1712639
1713551
1713640
1714384
1714595
1714931
1715412
1715445
1715484
1716842
1717205
1717253
1717265
1717410
1718153
1718465
1719846
1720923
1721258
1721391
1721625
1721633
1721893
1722070
1722288
1722714
1722837
1722887
1723004
1723009
1723021
1723107
1723150
1723216
1723362
1723586
1723747
1723957
1724070
1724388
1725007
1725029
1725307
1725469
1725828
1726389
1727098
1728529
1730285
1730620
1731874
1732809
1733049
1733593
1734132
1734320
1736024
1738047
1738156
1738761
1739449
1740916
1741370
1741421
1742383
1742412
1742572
1742630
1742759
1742969
1743056
1743245
1746988
1747736
1748150
1748954
1749385
1749488
1749683
1750171
1750308
1751676
1751709
1751730
1751736
1751739
1752856
1753478
1754637
1754891
1756337
1757076
1757212
1761239
1764245
1765114
1765183
1766236
1766915
1767267
1767395
1770461
1772296
1773063
1773090
1773108
1773510
1774970
1776862
1781871
1782091
1784108
1787273
1787928
1791275
1795305
1797207
1797622
1798515
1798844
1799957
1802236
1807813
1808791
1810650
1811338
1811744
1812215
1815701
1818483
1823479
1824482
1824960
1825393
1825725
1825839
1825927
1828273
1830406
1831083
1831378
1831492
1831795
1832293
1832333
1832413
1833899
1837074
1838019
1844323
1844329
1845914
1846412
1846845
1847600
1848677
1851801
1853888
1856302
1856585
1856612
1857712
1858480
1860401
1861875
1864925
1865400
1865970
1867024
1867832
1868673
1872401
1872518
1872581
1873122
1875770
1876333
1877036
1877921
1878019
1878281
1878602
1878798
1879640
1879977
1881190
1882562
1883266
1884188
1884334
1884464
1884736
1885647
1886815
1888782
1889701
1889729
1892221
1892536
1892652
1897722
1898077
1900455
1901929
1902203
1904173
1904353
1905018
1906190
1906222
1907647
1908487
1908778
1912911
1913393
1914923
1916369
1917099
1918150
1919033
1924819
1924970
1925108
1925216
1925288
1925376
1927199
1929211
1929290
1931458
1932245
1932628
1932901
1933012
1933055
1934325
1934559
1936516
1938127
1938134
1938341
1939103
1939267
1943169
1943574
1945242
1945632
1946092
1946198
1946224
1948269
1950897
1951439
1952727
1953815
1954553
1955165
1955819
1957279
1958115
1959583
1960626
1961348
1961392
1962532
1962535
1963493
1963914
1964120
1966193
1966791
1966897
1966903
1968309
1969860
1971954
1971958
1972877
1973721
1973976
1974389
1974906
1974929
1975619
1975839
1978374
1979568
1980529
1982264
1984921
1985439
1986169
1988955
1989093
1991113
1991896
1993395
1996928
1997830
1999493
2000092
2000097
2000283
2003605
2003927
2004611
2004619
2005265
2005590
2007155
2007822
2008812
2009954
2010412
2012849
2012963
2013300
2014418
2014712
2015699
2019516
2020220
2020553
2021392
2022323
2022846
2023216
2023443
2023507
2023751
2024512
2024613
2024843
2025902
2027009
2027217
2027943
2028913
2031217
2031446
2031493
2032936
2032960
2032979
2034361
2034875
2036361
2036717
2036721
2037215
2038083
2038366
2039094
2039120
2039798
2042876
2045828
2045835
2048451
2050490
2055288
2056473
2058840
2063815
2063863
2064013
2065313
2067931
2068162
2068650
2068909
2069843
2071353
2071889
2072271
2072828
2074742
2075715
2076319
2076352
2076481
2076487
2076689
2077014
2077438
2079437
2079517
2079878
2084730
2085788
2087383
2089382
2091870
2091873
2091884
2091887
2091955
2092087
2093570
2093973
2094385
2094787
2096411
2096782
2096787
2096799
2098034
2098419
2099636
2099996
2100881
2100906
2101391
2101841
2102154
2103087
2105248
2105414
2106100
2106140
2106545
2107953
2107988
2108852
2109798
2109802
2110741
2111682
2111944
2111948
2112215
2112683
2113697
2113891
2114000
2116537
2118471
2119173
2119320
2120611
2124266
2128441
2130867
2131262
2131624
2132013
2133651
2133880
2135844
2136650
2137009
2137437
2139390
2140147
2144244
2145796
2148064
2148100
2148803
2149345
2149498
2151270
2152815
2152939
2153892
2156019
2156389
2157026
2159916
2161660
2162340
2162787
2162943
2166780
2168385
2171434
2172883
2173934
2174921
2175181
2175733
2177690
2178475
2178731
2179467
2179501
2179901
2180526
2181250
2182235
2182618
2183057
2183160
2183630
2184741
2186805
2187252
2188994
2189534
2189978
2190296
2193745
2194626
2194882
2195426
2197739
2198000
2200357
2200842
2204361
2205268
2207979
2208013
2208021
2208946
2209371
2209907
2211659
2211885
2212069
2212212
2212269
2213503
2214957
2215002
2218341
2220691
2220915
2222115
2222475
2224644
2225956
2225991
2228679
2228886
2229014
2229578
2230009
2231890
2234053
2234305
2234344
2235092
2236003
2236622
2236943
2237690
2239065
2239205
2240557
2241746
2242794
2244198
2244815
2246813
2247030
2248127
2249554
2250503
2250782
2250958
2252049
2252075
2252105
2252575
2253549
2254030
2255806
2256508
2258235
2259498
2260774
2260780
2260824
2262067
2262420
2262878
2263824
2266688
2268464
2268634
2269303
2271250
2271556
2271559
2272499
2272509
2272526
2274225
2274505
2275654
2277532
2278212
2278219
2279059
2279065
2280349
2280733
2281139
2282902
2283077
2285536
2285975
2286238
2286720
2287177
2287610
2288232
2291533
2293381
2294092
2294863
2295416
2298827
2300002
2301657
2301798
2303434
2303613
2304059
2304102
2305754
2306387
2306645
2307370
2307639
2308888
2309400
2310050
2310186
2312039
2312440
2312445
2312451
2312496
2312507
2312514
2312812
2312857
2313333
2313466
2313516
2313995
2315308
2316428
2317980
2318172
2318326
2319055
2319162
2319366
2322601
2322713
2324765
2325740
2327176
2328294
2329521
2329896
2330166
2330204
2332394
2334032
2334081
2335301
2335853
2336923
2337686
2340511
2341335
2342541
2343376
2343393
2344704
2344834
2345712
2346881
2347964
2348514
2349304
2350404
2350849
2351368
2351497
2353200
2355293
2355974
2358442
2361776
2362129
2362302
2364275
2365901
2367375
2367402
2367687
2368641
2369099
2369788
2369815
2369966
2370185
2370635
2371248
2371456
2372360
2372833
2373584
2373715
2375110
2376475
2378433
2381705
2382507
2382880
2383675
2384256
2386237
2386245
2388236
2388753
2389606
2390639
2392894
2392945
2393089
2393379
2393404
2393683
2393929
2394520
2395355
2395917
2396496
2397993
2398553
2399347
2400376
2403237
2403678
2405642
2406413
2406673
2408174
2409304
2413528
2413888
2414060
2414328
2414417
2414558
2415156
2415384
2415730
2417131
2417156
2417160
2420606
2420843
2421129
2421570
2422422
2423842
2423845
2423853
2426443
2427452
2428466
2428518
2428728
2432783
2433010
2433672
2436046
2436676
2436701
2439054
2439734
2440417
2441702
2443760
2444852
2445274
2445368
2445426
2445645
2447839
2448680
2449297
2451540
2452945
2453065
2454326
2454449
2456464
2457355
2457808
2464893
2465228
2465332
2470171
2470279
2472346
2474347
2475107
2476312
2476324
2477415
2480323
2481126
2482039
2482187
2482898
2484139
2484360
2484477
2485581
2486991
2487473
2488639
2488955
2489439
2489517
2489523
2489526
2489531
2489534
2489789
2489976
2490082
2490106
2490386
2491073
2491222
2491582
2493199
2494782
2495680
2496524
2496558
2496661
2497102
2497240
2497973
2498037
2499897
2500831
2500932
2501123
2503741
2504526
2505122
2505138
2506440
2506516
2507199
2507367
2510360
2511206
2511414
2511648
2512844
2518320
2518488
2519010
2520080
2520536
2521196
2521337
2521722
2521821
2522497
2525046
2526183
2527114
2527545
2527766
2528636
2534131
2534675
2536214
2537210
2538238
2538721
2539297
2539429
2540357
2540514
2542400
2542948
2546486
2546491
2547938
2547952
2548383
2548500
2548826
2549557
2549927
2550268
2551793
2553133
2553145
2553678
2555541
2556231
2557196
2557656
2559083
2559346
2560070
2561704
2562111
2562148
2563259
2563328
2564038
2564337
2566978
2567495
2568643
2568681
2569411
2569420
2572188
2572648
2573332
2574260
2575297
2575786
2576282
2577511
2577976
2578473
2579074
2579889
2580504
2580662
2581515
2582308
2582637
2582884
2584244
2586123
2586839
2587164
2587225
2587283
2587567
2588377
2588961
2589831
2591909
2592557
2593952
2595694
2597224
2598314
2598419
2598483
2599442
2599500
2599767
2599881
2600306
2600527
2600684
2602042
2603256
2604934
2605723
2607314
2608559
2610535
2610762
2612039
2612752
2616343
2618525
2618857
2619300
2623720
2624909
2625635
2625641
2626510
2626888
2627615
2628224
2628303
2629231
2629479
2629539
2629785
2630453
2630603
2630656
2630729
2630941
2631103
2631597
2631630
2632565
2634181
2634271
2635041
2635393
2638833
2639075
2641739
2642287
2642743
2642820
2643133
2643501
2643651
2643895
2644303
2644928
2645651
2645685
2647185
2647712
2649013
2649475
2649568
2649850
2650452
2651054
2653390
2653563
2654227
2655314
2655978
2656156
2657246
2658041
2658451
2658500
2658806
2659746
2664069
2664913
2665384
2665579
2665641
2666105
2667780
2668797
2668876
2669603
2669887
2670606
2671060
2671214
2671335
2671976
2673004
2673314
2673317
2673506
2673770
2673884
2674009
2674038
2674987
2675090
2675613
2675650
2675764
2675837
2675898
2675908
2676375
2678017
2678939
2681870
2681968
2683098
2683894
2684072
2684451
2685740
2685791
2686412
2688860
2689732
2689873
2690059
2690502
2690616
2690922
2691166
2692746
2694991
2695396
2696892
2697193
2698071
2698551
2698625
2698664
2698970
2699034
2699227
2699489
2701428
2702505
2702562
2702696
2702709
2703269
2703281
2705098
2705143
2705218
2705260
2705304
2706139
2706939
2707804
2708797
2708808
2708824
2709563
2710551
2711002
2712129
2712752
2712846
2713054
2713906
2714045
2715139
2715867
2716065
2716623
2717308
2717773
2720143
2720803
2721145
2721153
2721439
2722098
2722325
2722330
2722417
2722422
2723792
2724537
2724716
2724981
2725391
2725791
2726821
2727483
2727738
2728207
2728712
2730459
2732672
2732781
2732790
2733088
2733661
2734169
2735228
2735493
2735513
2735552
2736042
2736211
2737049
2739406
2740081
2740109
2740140
2740839
2740971
2741592
2743430
2744290
2749049
2749336
2750051
2751524
2751851
2753580
2754529
2754602
2754835
2755662
2756036
2757646
2757729
2758368
2758376
2759070
2759566
2759657
2759932
2760326
2760550
2761109
2761375
2765876
2767948
2768616
2769355
2769890
2771022
2771896
2773028
2773229
2773330
2773857
2773884
2774593
2776961
2777096
2777767
2778291
2778481
2780176
2782486
2783224
2784705
2785594
2786444
2786548
2787503
2789794
2789994
2790832
2791332
2791340
2792408
2793318
2793525
2793736
2793830
2794152
2795137
2795951
2797287
2798645
2799070
2799118
2801620
2803318
2803632
2806731
2808471
2808736
2809305
2811715
2813676
2815569
2816776
2816792
2818185
2818276
2818517
2819829
2822452
2825021
2826311
2826381
2827701
2827790
2828664
2829027
2829530
2829848
2831131
2832059
2832095
2832378
2835428
2835517
2836566
2836585
2836691
2837298
2842980
2844458
2844497
2844504
2844522
2844661
2844670
2845414
2848696
2849277
2853727
2853919
2855322
2855875
2855895
2856040
2856081
2856228
2856240
2856283
2856458
2856599
2858127
2858277
2858365
2858714
2858977
2859490
2859665
2860298
2860874
2865074
2866160
2866899
2867494
2867640
2869213
2870253
2870583
2870782
2870785
2871238
2871288
2871813
2874208
2874661
2874811
2874821
2874827
2875239
2875585
2876683
2877007
2877464
2877471
2878011
2878014
2878022
2878025
2878129
2878761
2880697
2881085
2883252
2884213
2884986
2886283
2888642
2888781
2889669
2889784
2889821
2889986
2890012
2890393
2890761
2891137
2891520
2892018
2893782
2894069
2895788
2896042
2896236
2897040
2897667
2898745
2899531
2899827
2900050
2900256
2900669
2902682
2905873
2905944
2906046
2906120
2907659
2908029
2908623
2908636
2909156
2909459
2910440
2910998
2912032
2912298
2912994
2913056
2913324
2914127
2916276
2916485
2916807
2917268
2917351
2921669
2924217
2924905
2925045
2925170
2925743
2926693
2928401
2929875
2930123
2930361
2931732
2931750
2931809
2931950
2932602
2935013
2935546
2937169
2937310
2937356
2937642
2937934
2938528
2938588
2940780
2941177
2942129
2942834
2944908
2947426
2947708
2948634
2950719
2953087
2953123
2953465
2955746
2957282
2960330
2963181
2963618
2963785
2964803
2966306
2968269
2969106
2969998
2971356
2971803
2972178
2974736
2975178
2975725
2975738
2978196
2979739
2979897
2980448
2982805
2984516
2984664
2985209
2986028
2986617
2987235
2988994
2989223
2990935
2991541
2991728
2993286
2995038
2997767
2997930
2999535
2999551
2999580
3000528
3001234
3001425
3002216
3003157
3004067
3004619
3005116
3006141
3006530
3006600
3008174
3008297
3009584
3009761
3009791
3010041
3010545
3012400
3013383
3013727
3015248
3015307
3015414
3017567
3017582
3021453
3021608
3022315
3027264
3027553
3027732
3027952
3031914
3033649
3033711
3033945
3034193
3034581
3035298
3035892
3037496
3038833
3039199
3039316
3039908
3041767
3042487
3042693
3043243
3044488
3044554
3044647
3044931
3046998
3047005
3047017
3047021
3047024
3047029
3048326
3048471
3049364
3053316
3055092
3055993
3056530
3058143
3058778
3058947
3059137
3059403
3059772
3060240
3060718
3061587
3062697
3065754
3069750
3072593
3073064
3074034
3074445
3075782
3076803
3076880
3077040
3080585
3081105
3083074
3083753
3083777
3083955
3084910
3085867
3086253
3086501
3088475
3090609
3091563
3093289
3093567
3093630
3094310
3095258
3095500
3095822
3096723
3097265
3099192
3099638
3101932
3102084
3103382
3103497
3103555
3103775
3107132
3109591
3109899
3110625
3112292
3114605
3115333
3117234
3117480
3117666
3117670
3118112
3118602
3119043
3120592
3121852
3122430
3122693
3123191
3124931
3125592
3126306
3127120
3128020
3130112
3131169
3131545
3132877
3133011
3133041
3133675
3134529
3134825
3135073
3135674
3137923
3139125
3140136
3140401
3142473
3143079
3143132
3145841
3146545
3147746
3148502
3149824
3150264
3151012
3151588
3151913
3152472
3152826
3155133
3155912
3156529
3158330
3159868
3161386
3161940
3161986
3162563
3162626
3163097
3163486
3163547
3163998
3164008
3164278
3164725
3166107
3166539
3166869
3168642
3171103
3175931
3177010
3179508
3181504
3184251
3187806
3189337
3190465
3190927
3190934
3190956
3192811
3195512
3197358
3199159
3200161
3200493
3201197
3201652
3201672
3202289
3202422
3203295
3203530
3204066
3206425
3207161
3208331
3208851
3213027
3213396
3216236
3216440
3216447
3216460
3216463
3216484
3218000
3219607
3220440
3220711
3221666
3222339
3222820
3223574
3224347
3224891
3226503
3227249
3228465
3229337
3230010
3230745
3231124
3231176
3232097
3233750
3234858
3234873
3235963
3236493
3238383
3240498
3240650
3241344
3244196
3246567
3246968
3247569
3249021
3249060
3249938
3250909
3251265
3251275
3253271
3253449
3253882
3255901
3256672
3257038
3257746
3258422
3259615
3259806
3260529
3261158
3261655
3261866
3262668
3263939
3264407
3264417
3265149
3265718
3265955
3266388
3266680
3267150
3267244
3267501
3267867
3268480
3269786
3269973
3270809
3271664
3272251
3278350
3279002
3279008
3279017
3279161
3279692
3279794
3280706
3282615
3283206
3283439
3284596
3285380
3287232
3287294
3288962
3288997
3292302
3292701
3293062
3293703
3297161
3297574
3297892
3297916
3297978
3298023
3299441
3299660
3300487
3301817
3303136
3304990
3305873
3307704
3308615
3309210
3309216
3310648
3311414
3313523
3315895
3315988
3316023
3316183
3316923
3317651
3318098
3318596
3319121
3320135
3321041
3321841
3321853
3323050
3328156
3329843
3331648
3332288
3332763
3333110
3336412
3337690
3338181
3338573
3338775
3340176
3340647
3343319
3343945
3344364
3348051
3348063
3348262
3350537
3352833
3353038
3354657
3355593
3355826
3357116
3358398
3358823
3359195
3361225
3361840
3362123
3363709
3363998
3364491
3364862
3364884
3365415
3367185
3368224
3368241
3368284
3373302
3374938
3375732
3375831
3376537
3376970
3377512
3378906
3380589
3381467
3383623
3384751
3385402
3385839
3386683
3389701
3390904
3392611
3393823
3395254
3395325
3395549
3397059
3398667
3398693
3398712
3398725
3399242
3400041
3401410
3402213
3403223
3404400
3404492
3404566
3405718
3405723
3406773
3406806
3406955
3409312
3409979
3410106
3411174
3412168
3414826
3415754
3415977
3416314
3417567
3417992
3418471
3419241
3420700
3421178
3421625
3424090
3426162
3427627
3428209
3428493
3430457
3430863
3432226
3432703
3433975
3435912
3436329
3436525
3439189
3443337
3444138
3444236
3444774
3445666
3445784
3447952
3449856
3451565
3453841
3455450
3457676
3458701
3458983
3459386
3460787
3463492
3463703
3466078
3466640
3467429
3470057
3470519
3470950
3471798
3475349
3476506
3481035
3482807
3486657
3487237
3490516
3491717
3493256
3493889
3495413
3498440
3501906
3502213
3503927
3508089
3508259
3514825
3515917
3516167
3516737
3517720
3520132
3522453
3523171
3524474
3525499
3527471
3529655
3532296
3532891
3536348
3537479
3540435
3540494
3542250
3542924
3546641
3546843
3547984
3549142
3551451
3552876
3553371
3553679
3553862
3553986
3557321
3558166
3558530
3558834
3558839
3560043
3560257
3561589
3563692
3564554
3565064
3565660
3567976
3568026
3568029
3568395
3568849
3570619
3571358
3573092
3573480
3575692
3576984
3577190
3577649
3578388
3581081
3581804
3582910
3585482
3585654
3585808
3586953
3587856
3588556
3588949
3590635
3591793
3596117
3596556
3597809
3600051
3600270
3601416
3604445
3604583
3606301
3607394
3607487
3608606
3608671
3608705
3610493
3612650
3614376
3614953
3621439
3623649
3624263
3624291
3626304
3627377
3628299
3628861
3631086
3634273
3634511
3634533
3635953
3637001
3639157
3639196
3640955
3642291
3642355
3643267
3644604
3644821
3646513
3646900
3646914
3647537
3647633
3647816
3650038
3651253
3651893
3651949
3653178
3653816
3654486
3654500
3655089
3659447
3659621
3660392
3664166
3664622
3667642
3668146
3668879
3669116
3671238
3672595
3675179
3676671
3677991
3678991
3679167
3679759
3680356
3681879
3682203
3682521
3684076
3684112
3684519
3685148
3686031
3686757
3687232
3689183
3689870
3690204
3690265
3690669
3692469
3693917
3694458
3694829
3695146
3696727
3696968
3698094
3701964
3702494
3704830
3704987
3705027
3705160
3705965
3706185
3706480
3707869
3708141
3709362
3709370
3709373
3709381
3709387
3709671
3709701
3710444
3710635
3711933
3713575
3714002
3715823
3715904
3716162
3716845
3717878
3719633
3719730
3720105
3720835
3721772
3721845
3722466
3723631
3724776
3725862
3728142
3730012
3730282
3730338
3732385
3732557
3734978
3735114
3737513
3737861
3738686
3738689
3738719
3739748
3740270
3741250
3742259
3743259
3743910
3744336
3744920
3744957
3746707
3747471
3747514
3748521
3749275
3749293
3750196
3750645
3751250
3751356
3751923
3753254
3754920
3754975
3755852
3757092
3759042
3759687
3762776
3763604
3765290
3766004
3766863
3769224
3769363
3770180
3772330
3774313
3774328
3774348
3774536
3774725
3775458
3777082
3777193
3777214
3779360
3780358
3782903
3784323
3784696
3786398
3786995
3787737
3788450
3788455
3788953
3789654
3791454
3794658
3794726
3796691
3798739
3799611
3800423
3800838
3803395
3803721
3803871
3804037
3805858
3806981
3807120
3807352
3808196
3808661
3810073
3810076
3810109
3810854
3812057
3812126
3813111
3814461
3815120
3816775
3816831
3816977
3817080
3817984
3818635
3820719
3821292
3821513
3822082
3822360
3823247
3824241
3825452
3826162
3829236
3831128
3831958
3832345
3832912
3832921
3833261
3833374
3835861
3837540
3838089
3838676
3838878
3840037
3840860
3844616
3845020
3845140
3847719
3850374
3850516
3850787
3851141
3851380
3851776
3854179
3854263
3854563
3855021
3856155
3856425
3857411
3858676
3859627
3859855
3861989
3863905
3864128
3864304
3865914
3866446
3866855
3868133
3868706
3869493
3869915
3870309
3870651
3870839
3870955
3871060
3871580
3871824
3872173
3872353
3874879
3875021
3875287
3875987
3876706
3879025
3880276
3880681
3880864
3881454
3884376
3885371
3885647
3887230
3890024
3890242
3891554
3892936
3893749
3897582
3898303
3898854
3900782
3902987
3903754
3906078
3906486
3906927
3908697
3909029
3909853
3910210
3910238
3911319
3911763
3912288
3913040
3913844
3914938
3915000
3915152
3916346
3917371
3919433
3919436
3920073
3920348
3923610
3924639
3924802
3925305
3925616
3926183
3926359
3926542
3927046
3929078
3929675
3930603
3931771
3933152
3936754
3941156
3942940
3945392
3946542
3947328
3948140
3948726
3949203
3949238
3949617
3949902
3950131
3952085
3952460
3952930
3953936
3955371
3958175
3958897
3961279
3963064
3965488
3965708
3967461
3967519
3968459
3972111
3973512
3974076
3974815
3974827
3974834
3974837
3975321
3975822
3977333
3977929
3978378
3979573
3981191
3981576
3983570
3983847
3984629
3987375
3987561
3987745
3987993
3988086
3988141
3988402
3988421
3988431
3988435
3988622
3990302
3991245
3991248
3991251
3991255
3992734
3995186
3997332
3997955
3999162
4000858
4001492
4002032
4002659
4002995
4007557
4008709
4008807
4009434
4011876
4012017
4012242
4012337
4012479
4014553
4015619
4015826
4016497
4017964
4019042
4019816
4020095
4021262
4027393
4027797
4032177
4032246
4032422
4033241
4033389
4033602
4037799
4039892
4042722
4043086
4043509
4044587
4044612
4044942
4046118
4046218
4046547
4050955
4051725
4051868
4053398
4053859
4054408
4056454
4056880
4056920
4058717
4059095
4059376
4060152
4061349
4062602
4063367
4064428
4064732
4065820
4066957
4068217
4068279
4068592
4068872
4069975
4070008
4070787
4071735
4071876
4073746
4075180
4075751
4077230
4082592
4083137
4084470
4086224
4086819
4086926
4087533
4088063
4088605
4088975
4089800
4090115
4090405
4092698
4092703
4094217
4094279
4094286
4094297
4094320
4094372
4096163
4100338
4101626
4102973
4102976
4103097
4103213
4105552
4107031
4107388
4109410
4111898
4115250
4118709
4119044
4119640
4119882
4120691
4122423
4123001
4123366
4124431
4124522
4125353
4126039
4128819
4129066
4129677
4130215
4130366
4131180
4132000
4134524
4137248
4138080
4138528
4138840
4139337
4140933
4142565
4146507
4146588
4147375
4147968
4148320
4150671
4150813
4150831
4152226
4152233
4152499
4153173
4153837
4153904
4154080
4154620
4155189
4156777
4158561
4159268
4159648
4160437
4162018
4165422
4166747
4166897
4167250
4167468
4168938
4170810
4172753
4174195
4174957
4175194
4179887
4180067
4182514
4183128
4190801
4190976
4192659
4193043
4193818
4194580
4196525
4197002
4197467
4202443
4202537
4204576
4206448
4208718
4208841
4209570
4210327
4210407
4215262
4217304
4218139
4218246
4220019
4220624
4221408
4221645
4221716
4221739
4222827
4222894
4224290
4229343
4230132
4230398
4232331
4233377
4233437
4234727
4235151
4236934
4237866
4240120
4241284
4245251
4245306
4246802
4246967
4247186
4247479
4247602
4249010
4252282
4252522
4252996
4254019
4255651
4256081
4256460
4256750
4257215
4257486
4262253
4266447
4267721
4267746
4268260
4268971
4270097
4271077
4271126
4273083
4274066
4276572
4277743
4279732
4282365
4283280
4284280
4285552
4285798
4287164
4289024
4291593
4292421
4292946
4293015
4294104
4294545
4295928
4298434
4300047
4302818
4303543
4304108
4306969
4310276
4310633
4310753
4310777
4310821
4314024
4314108
4315029
4317545
4317561
4317625
4317650
4323026
4323652
4325639
4329824
4331113
4331330
4333897
4335033
4335047
4335254
4335826
4336946
4337407
4337693
4337917
4338223
4340278
4340904
4341277
4346944
4350149
4350412
4352374
4352811
4355446
4356047
4358612
4358905
4359430
4360486
4362414
4365746
4367336
4367491
4368997
4369505
4371160
4372239
4374930
4375456
4375507
4375583
4376079
4377129
4377779
4377940
4378099
4379766
4380772
4383876
4384278
4385761
4386991
4388302
4388746
4389658
4389728
4390047
4390314
4390341
4391092
4393430
4393572
4394051
4394171
4395131
4395585
4396088
4397153
4397717
4398947
4400565
4401851
4402413
4403559
4403570
4404104
4404665
4406809
4410073
4410880
4413827
4414161
4414172
4415442
4416115
4416962
4418967
4419912
4419918
4419974
4420123
4420334
4422615
4424412
4424859
4424954
4426378
4426757
4426804
4428981
4429379
4430303
4430757
4431896
4431903
4432109
4432745
4432752
4435046
4436126
4436774
4436853
4436913
4436916
4436920
4436933
4437486
4437645
4438733
4439852
4440543
4440793
4441653
4441916
4443651
4446566
4446570
4447803
4448317
4448336
4448850
4451433
4453495
4457905
4458681
4458824
4460423
4460673
4460884
4461217
4463114
4466968
4468145
4469110
4469399
4470264
4472220
4472231
4473221
4477271
4477371
4477463
4477557
4477576
4477580
4477584
4477596
4477633
4478881
4481527
4482599
4483461
4484033
4484802
4485383
4486554
4487170
4487396
4488070
4488490
4490548
4490704
4490707
4490911
4492099
4493145
4495166
4496232
4497132
4497269
4497424
4499478
4500855
4501455
4501992
4503870
4505415
4505962
4506738
4507034
4507650
4508275
4509648
4509665
4510455
4513208
4515814
4516041
4516358
4517066
4517127
4519775
4519819
4522364
4522537
4522843
4523164
4523714
4524028
4524458
4525023
4527733
4529197
4529309
4529579
4531247
4531305
4531346
4531422
4531471
4532168
4532171
4534557
4534864
4538915
4539102
4540823
4541332
4542496
4542882
4544038
4544385
4547593
4547746
4548603
4549355
4549502
4550331
4550761
4551601
4552694
4555413
4556037
4558193
4559076
4560884
4561848
4561864
4562073
4564230
4566430
4567989
4569879
4570027
4570036
4570246
4570843
4571723
4572045
4574441
4574446
4576441
4579639
4580031
4582023
4585699
4588223
4589541
4591613
4592649
4593180
4593264
4593371
4593484
4593500
4593505
4593660
4594220
4594787
4595343
4595610
4596603
4596773
4597045
4597678
4600238
4600679
4601883
4602193
4606828
4607915
4607941
4608292
4609327
4609450
4609819
4610845
4613126
4613183
4616426
4617059
4619688
4621003
4621453
4622740
4623009
4623882
4623906
4624110
4624115
4624267
4624374
4627611
4627633
4627717
4629001
4629657
4632687
4635044
4635671
4636422
4636941
4636957
4639514
4642021
4642833
4643167
4643447
4643565
4646324
4647176
4648322
4648913
4649087
4649737
4653301
4653896
4654612
4655566
4658235
4659409
4660318
4661542
4662568
4663881
4664531
4666261
4667218
4667771
4668315
4670441
4670473
4672117
4674401
4674510
4678213
4681124
4683909
4684802
4685093
4685168
4685202
4685800
4687962
4688359
4688495
4689630
4689767
4690401
4691025
4691062
4691598
4692640
4701197
4701395
4701554
4702552
4703091
4703663
4706138
4706310
4706764
4707582
4708102
4708279
4708592
4709284
4710095
4710188
4710198
4710232
4710329
4710372
4710404
4710546
4710634
4710656
4710670
4710682
4710717
4711961
4722336
4723274
4724290
4724629
4725242
4732963
4735206
4736432
4739542
4741661
4742219
4743843
4743972
4744086
4744405
4745456
4747863
4750140
4751260
4752047
4753232
4754040
4758183
4758421
4762088
4762667
4765993
4766865
4772271
4773914
4775710
4776695
4776814
4777339
4780846
4781219
4781575
4784704
4786946
4788198
4790530
4793030
4793748
4793947
4794702
4795170
4796308
4796840
4796979
4797748
4797911
4800307
4801246
4802035
4802622
4803121
4803681
4804027
4807032
4807061
4807222
4807294
4807318
4807655
4811544
4812048
4812155
4812215
4814263
4814473
4814821
4815064
4816022
4817207
4819429
4820348
4823803
4828647
4829142
4830430
4831861
4833415
4833700
4834505
4834890
4835988
4836869
4838049
4838616
4839137
4840109
4841355
4841441
4843838
4845331
4845707
4847514
4848023
4850546
4851272
4852706
4853072
4854340
4855925
4856482
4857900
4857945
4858407
4858569
4858985
4861409
4861490
4861969
4863191
4865119
4866634
4867759
4869393
4869564
4870218
4870468
4873146
4875591
4876904
4878795
4880048
4883268
4884253
4885617
4886596
4886604
4890589
4895629
4896406
4896969
4898167
4898586
4899128
4899281
4902320
4902779
4903068
4903995
4907897
4907934
4910330
4911765
4911963
4912742
4913073
4913843
4915531
4915536
4915539
4915542
4915553
4915561
4917122
4920170
4920344
4920362
4920378
4920386
4920390
4921750
4922470
4923648
4924188
4926979
4929023
4931374
4932131
4938178
4938905
4942668
4943475
4944013
4944671
4945452
4949479
4949711
4949960
4953439
4954556
4956504
4956510
4956514
4957990
4958762
4958996
4959677
4962049
4962306
4962443
4962567
4963059
4965420
4966629
4967302
4970234
4970517
4970926
4972867
4973940
4973970
4973979
4974001
4974037
4974075
4974125
4974374
4976084
4976453
4977671
4982071
4982130
4982228
4982337
4982471
4982529
4983213
4984983
4985221
4985967
4986669
4986790
4987398
4988440
4988909
4990967
4991941
4992642
4993858
4994421
4995401
4997016
4997295
4997792
5000505
5000823
5002018
5002254
5002373
5002956
5004371
5004401
5004516
5006680
5007830
5010629
5010855
5014527
5019226
5019669
5020593
5020609
5024245
5025288
5027030
5028676
5030147
5030911
5031242
5031910
5034136
5034776
5035027
5035897
5038194
5039288
5040351
5040889
5041304
5041776
5044829
5045520
5046344
5047426
5048407
5048485
5048564
5054895
5059523
5063155
5065999
5066483
5068094
5070807
5072224
5072764
5076063
5078948
5080031
5089326
5089959
5090363
5094158
5094190
5097628
5102009
5103185
5103861
5104756
5106715
5112123
5116393
5118017
5118125
5119562
5125830
5126690
5130996
5133468
5133641
5134277
5136837
5137386
5137408
5138492
5140714
5144804
5146748
5147355
5148155
5149077
5149333
5150479
5151973
5153661
5154092
5157680
5157863
5162593
5164837
5165412
5165416
5166730
5167483
5168087
5168378
5172182
5172905
5173218
5173351
5173604
5174732
5175103
5175495
5179696
5179784
5183569
5185638
5186074
5187633
5188166
5190428
5190873
5193037
5193247
5193454
5193920
5193931
5194536
5194590
5196992
5198219
5198743
5199949
5200934
5203179
5206462
5214056
5216560
5219543
5221882
5222655
5228041
5229528
5229717
5231907
5240902
5241397
5241866
5242169
5243041
5246279
5246661
5247086
5247612
5249685
5249835
5251217
5253989
5254377
5256326
5259796
5260950
5262186
5262304
5262699
5264380
5266167
5267761
5267779
5269428
5271206
5276932
5277129
5279269
5279785
5279808
5281423
5282075
5282220
5282335
5282439
5288306
5289769
5290709
5291606
5292856
5293017
5293214
5293823
5295321
5295674
5296176
5298281
5299467
5300628
5300781
5302170
5303550
5305596
5306025
5306733
5307054
5308544
5310566
5312746
5313678
5315905
5315932
5317362
5320343
5320771
5321381
5323977
5327649
5328716
5328912
5329051
5329475
5330101
5331529
5333174
5337372
5343449
5344128
5346415
5347168
5347171
5347174
5347180
5347184
5348858
5349771
5349869
5353211
5357345
5357422
5357514
5358408
5358447
5358452
5358521
5358889
5359676
5359968
5361451
5361610
5364593
5365550
5365859
5365941
5366077
5366672
5369173
5371751
5372464
5375741
5375873
5376242
5377839
5380236
5380631
5381375
5382107
5385738
5386365
5388091
5390295