2296
5173
24645
38089
45284
57742
64321
129609
132155
134788
135864
144215
151689
152890
157665
183818
189998
236269
243412
251871
252858
253679
259784
279207
282999
309713
313061
319218
319237
325162
355429
359706
365754
397167
403243
413091
414559
414862
424772
437060
444637
456119
456513
462209
462223
482409
524084
524528
533997
557001
563082
605839
606917
628462
633176
636881
658180
679970
694959
735569
774765
791559
808167
826832
832173
836379
838325
841600
853765
865254
868476
886339
894498
895340
899495
907256
909601
911179
918680
932452
933324
958580
961388
963056
967854
979131
984991
1001218
1002038
1004451
1016409
1027258
1061186
1102201
1103332
1110919
1112817
1117231
1131240
1132919
1134008
1136376
1149988
1151401
1151827
1159755
1173025
1178382
1191605
1193181
1194789
1223281
1230492
1250591
1286929
1287646
1291360
1301608
1302371
1304809
1304831
1304966
1305299
1323924
1324635
1339987
1356500
1356624
1386522
1389350
1399330
1407214
1407289
1407347
1407760
1407775
1407843
1407914
1408302
1412544
1426065
1426109
1426212
1426245
1426688
1426768
1426849
1426886
1426901
1426943
1426958
1427051
1427137
1427210
1456808
1468160
1477427
1489131
1503080
1505479
1505495
1505875
1526333
1530774
1534491
1534509
1536891
1547576
1560929
1566231
1567640
1584458
1585235
1600259
1604357
1613052
1616685
1617391
1625473
1635834
1678357
1688752
1689405
1709863
1714787
1721471
1722862
1726767
1728210
1738382
1751190
1758188
1759204
1761197
1762425
1767327
1775071
1793868
1794123
1795110
1801076
1801109
1801566
1819726
1822112
1833780
1851585
1851633
1854490
1865701
1868593
1875514
1877674
1894592
1896421
1903318
1910174
1913523
1924765
1926774
1931540
1943129
1950686
1956704
1974213
1986368
1988744
1989558
1997215
2018232
2018619
2018732
2025368
2042079
2044869
2064242
2070802
2093125
2093146
2094408
2094419
2094431
2094680
2094692
2094791
2094884
2112905
2118580
2118595
2127535
2127736
2129630
2131092
2134126
2137783
2147041
2147116
2147518
2147529
2147712
2148557
2149257
2149586
2149621
2164541
2168134
2204343
2215417
2230963
2233255
2236129
2246009
2249150
2253115
2258637
2264979
2270064
2271435
2274480
2289156
2291801
2321830
2328750
2332001
2337845
2338553
2354223
2365724
2366912
2368500
2372820
2384720
2385513
2391027
2396169
2399896
2400038
2400049
2425676
2426731
2431923
2446264
2453565
2473512
2482404
2484092
2492833
2497075
2497210
2501224
2509394
2516445
2524617
2531144
2531221
2533925
2547171
2547309
2549136
2552528
2553157
2567526
2567836
2569571
2575629
2578263
2578510
2586371
2611617
2634996
2636667
2646978
2657817
2659835
2660481
2683747
2685431
2685799
2688047
2697247
2701614
2713848
2714930
2718689
2721410
2723404
2741331
2761964
2766889
2798237
2799812
2815686
2816767
2835203
2839954
2873991
2893303
2905654
2925788
2926059
2927326
2944591
2944715
2949784
2949969
2950286
2950341
2950353
2950383
2950407
2950503
2950596
2950629
2950688
2966399
2966564
2966697
2966764
2966999
2967048
2967678
2967750
2967869
2968014
2968235
2968401
2968461
2968503
2985516
2997534
2997702
3008795
3018174
3019893
3024613
3027251
3070161
3070958
3071262
3073185
3077094
3087223
3089734
3107135
3114022
3114242
3115262
3116253
3123743
3126776
3141867
3143021
3152418
3153625
3159270
3162730
3176602
3178960
3185304
3202940
3205344
3205358
3209386
3214454
3226762
3242874
3259193
3259318
3259389
3261914
3278324
3296398
3296411
3308166
3313636
3380021
3381856
3385731
3426807
3428247
3428885
3436241
3440558
3465001
3473352
3477653
3490213
3493183
3499227
3500366
3516969
3525630
3535666
3538599
3562912
3565650
3569117
3577999
3587090
3587586
3591074
3598648
3599576
3603787
3604135
3607857
3609289
3623994
3624016
3626390
3628063
3633320
3639674
3679858
3685071
3686484
3688377
3690751
3695914
3717379
3752390
3754598
3762595
3763820
3781237
3785917
3799200
3801919
3831597
3849362
3851007
3851155
3854521
3890362
3912443
3955082
3955196
3955310
3955643
3955709
3956536
3956585
3986767
3987035
3987053
3987065
3987077
3987152
3987164
3987176
3988399
3988417
3988664
3989201
3989216
3989363
3990758
3994740
3994753
3994836
3994857
3995004
3996176
3996347
3996427
3996439
3996742
3996816
3996864
3996933
3996954
3996983
3996997
3997309
3997337
3997489
3997579
3997633
3997660
3997684
3997732
3997840
3997867
3997885
3998158
3998205
3998268
3998280
3998387
3998514
3998556
3998608
3998736
3998814
3999019
3999040
3999091
3999124
3999146
3999226
3999286
3999301
3999342
3999355
3999407
3999475
3999541
3999573
4010988
4015383
4018888
4019849
4027523
4066211
4068452
4083604
4086898
4096388
4107731
4109872
4110063
4110120
4113831
4113994
4119920
4144860
4148468
4152392
4154155
4173366
4173650
4182644
4192101
4192605
4202787
4203752
4209853
4211066
4213385
4227928
4231811
4260481
4270196
4272411
4283742
4287844
4288376
4325157
4346454
4347141
4347619
4360329
4365157
4409844
4412593
4423322
4431387
4432625
4451381
4463767
4468863
4483302
4494778
4506177
4520859
4520871
4564729
4569882
4582672
4596193
4612195
4619359
4629299
4641921
4642251
4655802
4658397
4658875
4659049
4670466
4677341
4699138
4712556
4719359
4726947
4728218
4767089
4779820
4803162
4811141
4827687
4848631
4862888
4880037
4912175
4917416
4920308
4929195
4929739
4931926
4934482
4936126
4945104
4959867
4963803
4973409
4973594
4999399
5005692
5017295
5028914
5031306
5031327
5045077
5058963
5059787
5059801
5062578
5071083
5075665
5083028
5103466
5103541
5132896
5147442
5150585
5150783
5164173
5174648
5175614
5189220
5192725
5205230
5212892
5238293
5248798
5248811
5252661
5256179